2976150000000000065536
2986989999999999803392
2969859999999999868928
2971129999999999934464
2967949999999999803392
2974080000000000000000
2999070000000000327680
2982599999999999737856
2967459999999999868928
2968039999999999737856
2976189999999999803392
2974199999999999737856
2985609999999999934464
2986899999999999868928
2992089999999999934464
3001300000000000393216
3019630000000000327680
3015150000000000327680
3045229999999999803392
3084940000000000131072
3122749999999999803392
3124710000000000065536
3124720000000000000000
3089840000000000000000
3097550000000000327680
3100260000000000393216
3112140000000000131072
3126290000000000196608
3146640000000000000000
3140550000000000065536
3139000000000000262144
3134550000000000065536
3131810000000000196608
3143880000000000262144
3185040000000000000000
3156300000000000131072
3179500000000000131072
3195260000000000131072
3223250000000000196608
3225680000000000000000
3225689999999999934464
3218760000000000262144
3237539999999999868928
3271989999999999541248
3222340000000000393216
3296050000000000196608
3265350000000000065536
3253600000000000000000
3218499999999999868928
3162649999999999934464
3143000000000000262144
3166369999999999672320
3139889999999999672320
3124249999999999934464
3117590000000000065536
3101760000000000000000
3109139999999999868928
3104640000000000000000
3116979999999999868928
3108110000000000327680
3087550000000000327680
3109929999999999934464
3077739999999999606784
3084829999999999803392
3083159999999999737856
3089449999999999934464
3093810000000000196608
3092310000000000065536
3088849999999999672320
3083350000000000065536
3093760000000000000000
3091980000000000131072
3101869999999999803392
3114440000000000262144
3120929999999999672320
3119630000000000327680
3148749999999999803392
3132010000000000458752
3112260000000000393216
3127699999999999868928
3119600000000000000000
3092659999999999868928
3113200000000000000000
3119520000000000000000
3131400000000000262144
3183059999999999868928
3215520000000000000000
3324460000000000131072
3350849999999999672320
3335209999999999934464
3284969999999999934464
3345910000000000065536
3367830000000000065536
3355619999999999868928
3286699999999999606784
3330489999999999934464
3349699999999999868928
3330679999999999737856
3295300000000000393216
3318699999999999606784
3295190000000000065536
3309239999999999737856
3301469999999999803392
3263489999999999672320
3275989999999999541248
3295440000000000000000
3288590000000000327680
3290979999999999868928
3302499999999999868928
3329379999999999868928
3315949999999999803392
3309960000000000262144
3315539999999999868928
3306940000000000131072
3321480000000000262144
3333300000000000393216
3346290000000000196608
3283350000000000065536
3211200000000000000000
3206400000000000000000
3223000000000000262144
3214989999999999803392
3218790000000000065536
3188110000000000327680
3186989999999999803392
3120599999999999737856
3107030000000000065536
3030519999999999737856
2993459999999999868928
2937100000000000131072
2978829999999999803392
2967910000000000065536
2940940000000000131072
3000820000000000393216
3053760000000000000000
2980360000000000262144
3011520000000000000000
2998909999999999803392
2984499999999999868928
2940320000000000000000
2951989999999999541248
2950349999999999803392
2961900000000000131072
2945340000000000131072
2937810000000000196608
2950030000000000327680
2957150000000000327680
2953709999999999803392
2959139999999999868928
2953489999999999672320
2957650000000000196608
2953430000000000065536
2950360000000000262144
2949559999999999737856
2939020000000000131072
2936169999999999934464
2933800000000000262144
2923659999999999606784
2811030000000000065536
2814690000000000196608
2847859999999999868928
2901680000000000000000
2890310000000000065536
2897369999999999934464
2921260000000000131072
2927769999999999934464
2938550000000000065536
2926210000000000196608
2914050000000000196608
2934780000000000131072
2977369999999999934464
3023010000000000196608
3001800000000000262144
3001600000000000000000
3036800000000000000000
3004590000000000327680
3013170000000000196608
3007300000000000393216
2949059999999999868928
2958150000000000065536
2925650000000000196608
2820710000000000065536
2793409999999999672320
2818579999999999868928
2737570000000000196608
2736199999999999737856
2756140000000000131072
2725920000000000000000
2739329999999999672320
2703980000000000131072
2692540000000000131072
2676659999999999868928
2637150000000000327680
2531250000000000196608
2380300000000000131072
2450030000000000327680
2443780000000000393216
2409379999999999868928
2410770000000000196608
2314449999999999934464
2318909999999999803392
2268889999999999934464
2237440000000000000000
2226760000000000262144
2280800000000000262144
2371859999999999868928
2330000000000000000000
2345460000000000131072
2342550000000000065536
2321640000000000000000
2274840000000000262144
2302000000000000000000
2203530000000000196608
2231190000000000065536
2281199999999999737856
2281739999999999868928
2252380000000000131072
2149139999999999868928
2184440000000000000000
2144050000000000196608
2106800000000000262144
2087500000000000131072
2076619999999999868928
1957990000000000065536
1925140000000000131072
1823869999999999803392
1889869999999999803392
1897420000000000131072
1930910000000000065536
1979880000000000000000
2064469999999999803392
2062400000000000000000
2079900000000000131072
2026259999999999868928
2017500000000000131072
2051139999999999868928
2090310000000000065536
2086420000000000131072
2077659999999999868928
2083340000000000131072
2131249999999999934464
2107539999999999868928
2125969999999999672320
2088949999999999803392
2099019999999999868928
2064539999999999868928
2026950000000000065536
2060739999999999868928
2130449999999999934464
2104080000000000000000
2063809999999999934464
2005720000000000000000
2001660000000000131072
2021779999999999868928
2017040000000000000000
2021790000000000065536
2008320000000000000000
1949790000000000065536
1952689999999999934464
1928779999999999868928
1951400000000000000000
1939900000000000131072
1967560000000000000000
1967080000000000000000
1988209999999999934464
1947980000000000131072
1924369999999999934464
1946209999999999934464
1952019999999999868928
1934430000000000065536
1958790000000000065536
2033859999999999868928
2057110000000000065536
2047869999999999803392
2053380000000000131072
2056190000000000065536
2098670000000000065536
2086989999999999803392
2087739999999999868928
2086090000000000196608
2058480000000000000000
2090449999999999934464
2060949999999999803392
2010640000000000000000
1941310000000000065536
1965600000000000000000
1957809999999999934464
1970270000000000065536
1975320000000000000000
1955890000000000196608
1973440000000000000000
1997520000000000000000
1985059999999999868928
1985310000000000065536
1967769999999999934464
1968040000000000000000
1997449999999999934464
1991009999999999934464
1996270000000000065536
2017480000000000000000
1980729999999999934464
1984729999999999934464
1940460000000000131072
1955369999999999934464
1971769999999999934464
1981089999999999934464
1948849999999999934464
1925929999999999934464
1940869999999999803392
1948320000000000000000
1954160000000000000000
1960480000000000000000
1943539999999999868928
1963689999999999934464
1963280000000000000000
1968120000000000000000
1958600000000000000000
1962440000000000000000
1976640000000000000000
1987430000000000065536
1987800000000000000000
1972990000000000065536
1974130000000000196608
1975609999999999934464
1980400000000000000000
1953550000000000065536
1943180000000000131072
1957329999999999934464
1862600000000000000000
1885099999999999868928
1915209999999999934464
1895369999999999934464
1856960000000000000000
1855840000000000000000
1831240000000000000000
1825209999999999934464
1826670000000000065536
1847609999999999934464
1852650000000000196608
1851950000000000065536
1906130000000000196608
1893349999999999803392
1926360000000000000000
2013779999999999868928
2071239999999999737856
2057880000000000000000
2054650000000000196608
2053489999999999672320
2057710000000000065536
2033460000000000131072
2030249999999999934464
2027760000000000000000
2045430000000000065536
2032720000000000000000
1962249999999999934464
1948710000000000065536
1921000000000000000000
1929710000000000065536
1924440000000000000000
1866560000000000000000
1863440000000000000000
1899000000000000000000
1947200000000000000000
1964710000000000065536
2023089999999999934464
2007209999999999934464
1983369999999999934464
1993440000000000000000
1954000000000000000000
1939790000000000065536
1972220000000000131072
1941430000000000065536
1947800000000000000000
2047430000000000065536
2043980000000000131072
2027440000000000000000
2008710000000000065536
1996190000000000065536
1961120000000000000000
1969059999999999868928
1986240000000000000000
1983059999999999868928
1961220000000000131072
2006660000000000131072
2055010000000000196608
2150809999999999934464
2178929999999999934464
2127530000000000196608
2120480000000000000000
2105719999999999737856
2138179999999999868928
2087340000000000131072
2074600000000000000000
2073300000000000131072
2084070000000000065536
2082929999999999934464
2051389999999999803392
1978140000000000131072
1983640000000000000000
1978680000000000000000
1980000000000000000000
1982910000000000065536
1988869999999999803392
1981150000000000065536
1955230000000000065536
1969589999999999803392
1947630000000000065536
1955310000000000065536
1951380000000000131072
1943180000000000131072
1964900000000000131072
1936829999999999803392
1977449999999999934464
1983489999999999934464
1991990000000000065536
2022929999999999934464
2034539999999999868928
1993270000000000065536
2026900000000000131072
2051120000000000000000
2062150000000000065536
2079840000000000262144
2037070000000000065536
2036869999999999803392
2021220000000000131072
2012560000000000000000
2018070000000000065536
2050199999999999737856
2076530000000000196608
2052320000000000262144
2023589999999999803392
2040990000000000065536
2063219999999999868928
2072650000000000196608
2069860000000000131072
2073630000000000065536
2118769999999999934464
2099719999999999737856
2121310000000000065536
2128249999999999934464
2102640000000000000000
2092719999999999737856
2101489999999999672320
2077659999999999868928
2074219999999999868928
2075110000000000065536
2077949999999999803392
2096590000000000065536
2096579999999999868928
2106270000000000065536
2120080000000000000000
2094239999999999737856
2113790000000000065536
2178550000000000065536
2236040000000000000000
2249360000000000000000
2270300000000000131072
2274099999999999868928
2331010000000000196608
2352949999999999803392
2320429999999999803392
2328139999999999868928
2327260000000000131072
2316600000000000000000
2320940000000000131072
2318010000000000196608
2341610000000000196608
2318150000000000065536
2269800000000000262144
2188000000000000000000
2186199999999999737856
2203600000000000000000
2212510000000000327680
2166800000000000262144
2166889999999999934464
2118769999999999934464
2141289999999999934464
2138159999999999737856
2151320000000000262144
2150610000000000196608
2141590000000000065536
2133560000000000000000
2132679999999999737856
2146059999999999868928
2153110000000000065536
2155150000000000065536
2156949999999999803392
2154940000000000131072
2152019999999999868928
2084739999999999868928
2113570000000000196608
2093400000000000000000
2069790000000000065536
2083019999999999868928
2063040000000000000000
2053610000000000196608
2051949999999999803392
2044120000000000000000
2134300000000000131072
2128050000000000196608
2154040000000000000000
2151619999999999868928
2141120000000000000000
2165270000000000065536
2165550000000000065536
2134659999999999868928
2115989999999999803392
2155689999999999934464
2157860000000000131072
2164400000000000000000
2186270000000000065536
2162300000000000131072
2172420000000000131072
2168679999999999737856
2152449999999999934464
2122920000000000000000
2067889999999999934464
2069590000000000065536
2048349999999999803392
2059289999999999934464
2060510000000000327680
2065190000000000065536
1991200000000000000000
1990380000000000131072
1990400000000000000000
1991950000000000065536
1988170000000000196608
2006099999999999868928
1996640000000000000000
2025750000000000065536
2019560000000000000000
1993740000000000131072
2010180000000000131072
2004960000000000000000
2002880000000000000000
1991849999999999934464
1994790000000000065536
1983520000000000000000
2034700000000000131072
2058400000000000000000
2070150000000000065536
2073829999999999803392
2022670000000000065536
2025569999999999934464
2065679999999999737856
2054689999999999934464
2040000000000000000000
2053739999999999868928
2095349999999999803392
2104360000000000000000
2101840000000000262144
2130099999999999868928
2134929999999999934464
2134800000000000262144
2141070000000000065536
2140219999999999868928
2055909999999999803392
2055729999999999934464
2032800000000000000000
2059480000000000000000
2065320000000000262144
2057209999999999934464
2054199999999999737856
2065940000000000131072
2062940000000000131072
2051170000000000196608
2052420000000000131072
2053600000000000000000
2049820000000000131072
2053650000000000196608
2051769999999999934464
2056070000000000065536
2064469999999999803392
2065219999999999868928
2056409999999999934464
2036950000000000065536
2041849999999999934464
2053699999999999868928
2061710000000000065536
2109659999999999868928
2128689999999999934464
2134510000000000327680
2151699999999999868928
2164940000000000131072
2144460000000000131072
2107289999999999934464
2108460000000000131072
2103960000000000000000
2089610000000000196608
2080199999999999737856
2113300000000000131072
2240010000000000196608
2234689999999999934464
2253800000000000262144
2247449999999999934464
2215520000000000000000
2211469999999999803392
2190310000000000065536
2182960000000000000000
2181679999999999737856
2180300000000000131072
2218349999999999803392
2216900000000000131072
2190469999999999803392
2186750000000000065536
2180059999999999868928
2216480000000000000000
2225280000000000262144
2254170000000000196608
2246230000000000065536
2238389999999999803392
2234000000000000000000
2247389999999999803392
2250630000000000065536
2316960000000000000000
2286000000000000000000
2215019999999999868928
2219010000000000196608
2205570000000000196608
2187420000000000131072
2199249999999999934464
2191900000000000131072
2194600000000000000000
2187179999999999868928
2187960000000000000000
2210289999999999934464
2263849999999999934464
2370599999999999737856
2366960000000000000000
2379170000000000196608
2375440000000000000000
2365859999999999868928
2315000000000000000000
2323630000000000065536
2330040000000000000000
2317500000000000131072
2338329999999999934464
2332689999999999934464
2376070000000000065536
2360790000000000065536
2358409999999999934464
2342409999999999934464
2336610000000000196608
2339920000000000000000
2360550000000000065536
2349120000000000000000
2326310000000000065536
2335199999999999737856
2355739999999999868928
2443600000000000000000
2429229999999999803392
2420099999999999868928
2406280000000000262144
2404780000000000131072
2354090000000000196608
2364659999999999868928
2349590000000000065536
2351500000000000131072
2341000000000000000000
2317040000000000000000
2330429999999999803392
2331849999999999934464
2300619999999999868928
2264429999999999803392
2287710000000000065536
2299790000000000065536
2309600000000000000000
2315230000000000065536
2333040000000000000000
2315280000000000262144
2312840000000000262144
2319679999999999737856
2321199999999999737856
2311289999999999934464
2299340000000000131072
2328159999999999737856
2364620000000000131072
2390400000000000000000
2399500000000000131072
2404800000000000000000
2398699999999999606784
2375409999999999672320
2342000000000000000000
2345389999999999803392
2330080000000000000000
2334300000000000131072
2314130000000000196608
2331270000000000065536
2309570000000000196608
2312900000000000131072
2329059999999999868928
2324980000000000131072
2322349999999999803392
2316190000000000065536
2319489999999999672320
2317400000000000000000
2314699999999999868928
2309120000000000000000
2310809999999999934464
2320280000000000262144
2311000000000000000000
2332130000000000196608
2336760000000000262144
2348900000000000131072
2368550000000000065536
2370340000000000393216
2395530000000000458752
2316800000000000262144
2320659999999999868928
2275199999999999737856
2289349999999999803392
2303989999999999803392
2291019999999999868928
2288099999999999868928
2275300000000000131072
2279790000000000065536
2302000000000000000000
2289570000000000196608
2311630000000000065536
2323909999999999803392
2331869999999999803392
2272369999999999934464
2233360000000000000000
2252329999999999934464
2252739999999999868928
2259940000000000131072
2257760000000000262144
2265530000000000196608
2261650000000000196608
2257420000000000131072
2282689999999999934464
2279849999999999934464
2286460000000000131072
2307829999999999803392
2304900000000000131072
2295640000000000000000
2304150000000000065536
2300960000000000000000
2302329999999999934464
2309130000000000196608
2311270000000000065536
2317080000000000000000
2302040000000000000000
2309500000000000131072
2319800000000000262144
2328420000000000131072
2335500000000000131072
2322880000000000000000
2385090000000000196608
2362849999999999672320
2337360000000000000000
2350199999999999737856
2356219999999999868928
2347320000000000262144
2382380000000000131072
2380809999999999934464
2379849999999999934464
2381619999999999868928
2372019999999999868928
2360769999999999934464
2376829999999999803392
2371769999999999934464
2410720000000000000000
2359059999999999868928
2348610000000000196608
2351030000000000327680
2322420000000000131072
2344590000000000065536
2330059999999999868928
2294820000000000131072
2296150000000000065536
2291209999999999934464
2278929999999999934464
2281159999999999737856
2295440000000000000000
2293170000000000196608
2316170000000000196608
2307389999999999803392
2315530000000000196608
2314790000000000065536
2314790000000000065536
2317640000000000000000
2332320000000000262144
2326610000000000196608
2327689999999999934464
2327489999999999672320
2322739999999999868928
2347659999999999868928
2365469999999999803392
2371350000000000065536
2330420000000000131072
2330570000000000196608
2335929999999999934464
2333199999999999737856
2340349999999999803392
2339769999999999934464
2309219999999999868928
2294769999999999934464
2286780000000000131072
2261600000000000000000
2285139999999999868928
2275139999999999868928
2301600000000000000000
2300869999999999803392
2301640000000000000000
2236139999999999868928
2256110000000000065536
2258310000000000065536
2241710000000000065536
2264860000000000131072
2253289999999999934464
2298499999999999868928
2298689999999999934464
2283460000000000131072
2273230000000000065536
2265209999999999934464
2257610000000000196608
2222329999999999934464
2222610000000000196608
2223769999999999934464
2227159999999999737856
2194150000000000065536
2175790000000000065536
2179349999999999803392
2179170000000000196608
2180159999999999737856
2181110000000000065536
2185849999999999934464
2191560000000000000000
2185860000000000131072
2191869999999999803392
2130249999999999934464
2117829999999999803392
2120000000000000000000
2133270000000000065536
2106659999999999868928
2124000000000000000000
2129120000000000000000
2130139999999999868928
2139900000000000131072
2109520000000000000000
2108929999999999934464
2111809999999999934464
2110630000000000065536
2109989999999999803392
2128219999999999868928
2126849999999999934464
2135460000000000131072
2137829999999999803392
2128239999999999737856
2144400000000000000000
2133590000000000065536
2113489999999999672320
2130860000000000131072
2141239999999999737856
2132249999999999934464
2136550000000000065536
2126780000000000131072
2129110000000000065536
2117739999999999868928
2063800000000000262144
2064310000000000065536
2068869999999999803392
2026800000000000000000
2029809999999999934464
2058679999999999737856
2075689999999999934464
2115699999999999868928
2117110000000000065536
2119070000000000065536
2124329999999999934464
2094030000000000327680
2098699999999999868928
2097849999999999934464
2093689999999999934464
2114360000000000000000
2113560000000000000000
2125560000000000000000
2120080000000000000000
2111489999999999672320
2091719999999999737856
2093679999999999737856
2119150000000000065536
2085329999999999934464
2071929999999999934464
2071539999999999868928
2067469999999999803392
2081289999999999934464
2078190000000000065536
2068769999999999934464
2054630000000000065536
2022499999999999868928
1979209999999999934464
1992890000000000196608
1987449999999999934464
1987980000000000131072
2012449999999999934464
2007980000000000131072
2000829999999999803392
2005689999999999934464
2005630000000000065536
2029329999999999934464
2015280000000000000000
2012560000000000000000
2014950000000000065536
2014440000000000000000
2015520000000000000000
2024470000000000065536
2026560000000000000000
2020400000000000000000
2031369999999999934464
2022059999999999868928
2021180000000000131072
2008550000000000065536
1997609999999999934464
2005040000000000000000
2007289999999999934464
1974569999999999934464
1979960000000000000000
1966019999999999868928
2003009999999999934464
2004800000000000000000
2001720000000000000000
1979880000000000000000
1976600000000000000000
1912630000000000065536
1910040000000000000000
1858140000000000131072
1826220000000000131072
1876299999999999868928
1876449999999999934464
1835040000000000000000
1801689999999999934464
1811369999999999934464
1807819999999999868928
1776310000000000065536
1750099999999999868928
1775529999999999934464
1775220000000000131072
1769410000000000196608
1728499999999999868928
1678400000000000000000
1662539999999999868928
1582680000000000000000
1573600000000000000000
1583470000000000065536
1563099999999999868928
1574880000000000000000
1558630000000000065536
1560310000000000065536
1554289999999999934464
1569349999999999803392
1594800000000000000000
1615109999999999803392
1630000000000000000000
1630000000000000000000
1613120000000000000000
1690400000000000000000
1679480000000000000000
1672910000000000065536
1682950000000000065536
1691299999999999868928
1684809999999999934464
1690320000000000000000
1669220000000000131072
1679529999999999934464
1671410000000000196608
1635700000000000131072
1656489999999999934464
1638920000000000000000
1630109999999999803392
1639369999999999934464
1619249999999999934464
1657019999999999868928
1628809999999999934464
1620589999999999803392
1652190000000000065536
1653000000000000000000
1665520000000000000000
1644070000000000065536
1679980000000000131072
1672299999999999868928
1671320000000000000000
1660310000000000065536
1672339999999999868928
1659640000000000000000
1665440000000000000000
1665990000000000065536
1664720000000000000000
1675760000000000000000
1677760000000000000000
1681600000000000000000
1677969999999999934464
1680880000000000000000
1681460000000000131072
1675369999999999934464
1673190000000000065536
1662499999999999868928
1664790000000000065536
1725240000000000000000
1720499999999999868928
1715890000000000196608
1764000000000000000000
1844869999999999803392
1821579999999999868928
1795480000000000000000
1778589999999999803392
1773600000000000000000
1798560000000000000000
1781600000000000000000
1794280000000000000000
1791890000000000196608
1792320000000000000000
1783790000000000065536
1762920000000000000000
1772499999999999868928
1733829999999999803392
1749440000000000000000
1742680000000000000000
1748390000000000065536
1742009999999999934464
1680660000000000131072
1704089999999999934464
1709539999999999868928
1696299999999999868928
1694510000000000065536
1690710000000000065536
1706660000000000131072
1700120000000000000000
1710000000000000000000
1706940000000000131072
1724630000000000065536
1725890000000000196608
1739160000000000000000
1727760000000000000000
1739200000000000000000
1736299999999999868928
1730660000000000131072
1723740000000000131072
1729080000000000000000
1732539999999999868928
1705289999999999934464
1728630000000000065536
1744840000000000000000
1766339999999999868928
1743289999999999934464
1733059999999999868928
1726819999999999868928
1728339999999999868928
1681500000000000131072
1659380000000000131072
1658160000000000000000
1660800000000000000000
1665520000000000000000
1665059999999999868928
1671299999999999868928
1677510000000000065536
1616619999999999868928
1582700000000000131072
1620089999999999934464
1617430000000000065536
1655360000000000000000
1631420000000000131072
1568369999999999934464
1557589999999999803392
1566059999999999868928
1556310000000000065536
1579320000000000000000
1543569999999999934464
1578400000000000000000
1572670000000000065536
1576849999999999934464
1578760000000000000000
1584099999999999868928
1582000000000000000000
1603500000000000131072
1576499999999999868928
1572099999999999868928
1573489999999999934464
1567700000000000131072
